Position	ConsistencyIndex	CountsACGT	MinimumNumberChangesOnTree
1059	0.5	0:47:0:18	2
2110	0.5	0:61:0:4	2
3738	0.5	0:63:0:3	2
5230	0.5	0:0:62:4	2
6286	0.5	0:63:0:3	2
6402	0.5	0:56:0:10	2
8140	0.5	0:62:0:4	2
9130	0.5	0:0:64:2	2
9867	0.5	0:2:0:64	2
10626	0.5	0:63:0:2	2
13665	0.3333333333333333	0:63:0:3	3
15766	0.5	0:0:62:4	2
16308	0.5	0:64:0:2	2
17014	0.5	0:0:63:3	2
18647	0.5	0:64:0:2	2
18828	0.3333333333333333	0:62:0:4	3
20268	0.5	57:0:9:0	2
20703	0.5	0:63:0:3	2
21648	0.5	0:62:0:3	2
21724	0.5	0:0:63:2	2
21846	0.5	0:64:0:2	2
22801	0.5	0:0:64:2	2
22917	0.3333333333333333	0:0:11:55	3
22992	0.5	3:0:63:0	2
25563	0.6666666666666666	1:0:41:24	3
26681	0.5	0:63:0:3	2
27434	0.5	0:64:0:2	2
27964	0.5	0:56:0:10	2
28854	0.5	0:54:0:12	2
28869	0.5	0:58:0:8	2
29332	0.5	0:0:63:3	2
29362	0.5	0:63:0:2	2
