Position	ConsistencyIndex	CountsACGT	MinimumNumberChangesOnTree
203	0.5	0:92:0:2	2
210	0.25	0:0:75:20	4
1348	0.3333333333333333	0:70:0:22	3
1911	0.5	16:78:0:0	2
1912	0.3333333333333333	0:75:0:19	3
2695	0.3333333333333333	0:92:0:3	3
4181	0.5	0:0:78:17	2
5184	0.3333333333333333	0:92:0:3	3
5365	0.3333333333333333	0:91:0:4	3
5822	0.16666666666666666	0:73:0:22	6
6543	0.5	0:93:0:2	2
6730	0.3333333333333333	0:85:0:8	3
6936	0.5	0:91:0:2	2
6990	0.5	0:93:0:2	2
7267	0.3333333333333333	0:91:0:3	3
7279	0.5	0:87:0:6	2
7303	0.1	0:63:0:28	10
7390	0.5	0:93:0:2	2
8083	0.3333333333333333	10:0:80:0	3
8326	0.5	0:91:0:4	2
8986	0.5	0:78:0:17	2
9430	0.1	0:46:0:46	10
9510	0.5	0:78:0:17	2
9559	0.3333333333333333	0:91:0:4	3
9679	0.5	0:89:0:5	2
9711	0.5	0:71:0:21	2
10029	0.5	0:75:0:20	2
10319	0.5	0:55:0:37	2
11152	0.5	0:92:0:3	2
11418	0.5	0:2:0:92	2
11572	0.3333333333333333	0:73:0:21	3
11919	0.5	0:76:0:19	2
12073	0.5	0:92:0:2	2
12737	0.3333333333333333	75:0:18:0	3
12792	0.5	78:0:0:17	2
12820	0.16666666666666666	89:0:6:0	6
14577	0.5	0:4:0:90	2
14599	0.5	0:90:0:5	2
14805	0.5	0:77:0:14	2
14960	0.2	87:0:0:5	5
15240	0.3333333333333333	0:88:0:7	3
15451	0.25	20:0:74:0	4
16466	0.25	0:73:0:20	4
17528	0.5	0:90:0:4	2
18171	0.5	0:89:0:4	2
18424	0.3333333333333333	59:0:31:0	3
18501	0.5	0:86:0:5	2
18744	0.5	0:77:0:16	2
18903	0.5	18:0:76:0	2
19010	0.5	91:0:2:0	2
20259	0.25	0:73:0:20	4
20436	0.5	0:93:0:2	2
21178	0.5	0:87:0:6	2
21304	0.6666666666666666	3:50:0:37	3
21614	0.5	0:91:0:4	2
21618	0.25	0:75:20:0	4
21622	0.3333333333333333	0:92:0:3	3
21846	0.5	0:87:0:8	2
22995	0.5	22:73:0:0	2
23248	0.5	0:93:0:2	2
23664	0.5	0:84:0:7	2
24410	0.5	18:0:77:0	2
25469	0.3333333333333333	0:76:0:19	3
25563	0.5	0:2:34:55	4
25907	0.5	0:0:54:37	2
26735	0.5	0:88:0:6	2
26767	0.25	0:21:0:74	4
27638	0.5	0:18:0:77	2
27752	0.3333333333333333	0:76:0:19	3
27920	0.5	0:79:0:16	2
28016	0.5	0:93:0:2	2
28869	0.3333333333333333	0:58:0:33	3
28881	0.6666666666666666	4:0:70:21	3
29402	0.2	0:0:63:27	5
29445	0.5	0:70:0:22	2
29659	0.5	0:92:0:3	2
29666	0.5	0:90:0:4	2
29679	0.5	0:92:0:2	2
29715	0.5	0:0:90:2	2
29738	0.5	2:93:0:0	2
29742	0.25	0:0:75:20	4
