Position	ConsistencyIndex	CountsACGT	MinimumNumberChangesOnTree
241	0.5	0:36:0:754	2
518	0.5	470:0:304:0	2
751	0.5	0:736:0:51	2
1884	0.5	0:787:0:3	2
1912	0.5	0:787:0:3	2
2035	0.5	0:0:775:15	2
2525	0.5	7:0:783:0	2
2706	0.5	0:784:0:5	2
3251	0.3333333333333333	0:0:662:127	3
3695	0.5	0:780:0:10	2
3743	0.5	0:785:0:4	2
4331	0.5	0:776:0:13	2
5144	0.5	0:475:0:314	2
5239	0.5	0:788:0:2	2
5512	0.5	0:787:0:2	2
8056	0.5	55:0:735:0	2
9526	0.5	0:0:788:2	2
9967	0.5	0:785:0:5	2
10829	0.5	783:0:7:0	2
10887	0.5	2:0:788:0	2
10969	0.5	0:788:0:2	2
11152	0.5	0:735:0:55	2
11750	0.5	0:788:0:2	2
12049	0.5	0:787:0:3	2
12249	0.5	0:786:0:4	2
12325	0.5	0:788:0:2	2
12513	0.5	0:788:0:2	2
12738	0.5	0:771:0:16	2
12795	0.07142857142857142	139:0:650:0	14
12855	0.5	0:774:0:15	2
13501	0.5	0:788:0:2	2
18424	0.5	784:0:6:0	2
19839	0.5	0:5:0:785	2
19955	0.5	0:781:0:9	2
21137	0.5	786:0:4:0	2
21727	0.5	0:784:0:6	2
21770	0.5	312:0:465:0	2
22227	0.5	0:764:0:25	2
22346	0.5	0:0:644:125	2
22920	0.1111111111111111	418:0:0:369	9
23018	0.2	22:164:0:604	10
23064	0.1	671:119:0:0	10
23422	0.5	0:786:0:4	2
23608	0.5	0:0:780:10	2
23683	0.5	0:788:0:2	2
24862	0.5	633:0:157:0	2
24998	0.5	0:2:788:0	2
25002	0.5	0:733:0:56	2
25075	0.5	0:784:0:4	2
25339	0.5	0:787:0:3	2
25513	0.5	0:785:0:5	2
25563	0.6666666666666666	17:0:611:162	3
25658	0.5	0:787:0:3	2
25776	0.5	0:0:773:17	2
25904	0.5	0:788:0:2	2
25936	0.16666666666666666	0:259:0:527	6
26013	0.5	0:643:0:147	2
26047	0.16666666666666666	0:0:129:660	6
26078	0.125	0:708:0:79	8
26735	0.5	0:783:0:7	2
26895	0.5	0:787:0:3	2
27002	0.5	0:786:0:4	2
27390	0.5	0:0:767:23	2
27929	0.5	2:0:0:787	2
27977	0.5	0:3:0:787	2
28358	0.5	761:29:0:0	2
28854	0.3333333333333333	0:417:0:369	3
29543	0.5	0:0:786:2	2
29742	0.5	0:0:724:11	2
