Position	ConsistencyIndex	CountsACGT	MinimumNumberChangesOnTree
203	0.5	0:71:0:2	2
210	0.3333333333333333	0:0:71:3	3
1348	0.3333333333333333	0:49:0:22	3
1911	0.5	16:57:0:0	2
1912	0.5	0:56:0:17	2
2695	0.3333333333333333	0:71:0:3	3
5184	0.5	0:72:0:2	2
5365	0.5	0:71:0:3	2
5822	0.2	0:53:0:21	5
6730	0.5	0:64:0:8	2
6936	0.5	0:70:0:2	2
7267	0.5	0:71:0:2	2
7303	0.125	0:48:0:22	8
7390	0.5	0:72:0:2	2
8083	0.5	10:0:59:0	2
8326	0.5	0:70:0:4	2
9430	0.16666666666666666	0:32:0:39	6
9510	0.5	0:57:0:17	2
9559	0.5	0:72:0:2	2
9711	0.5	0:51:0:20	2
10319	0.3333333333333333	0:34:0:37	3
11152	0.5	0:71:0:3	2
11572	0.5	0:54:0:19	2
11919	0.5	0:55:0:19	2
12073	0.5	0:71:0:2	2
12737	0.3333333333333333	54:0:18:0	3
12792	0.5	57:0:0:17	2
12820	0.16666666666666666	68:0:6:0	6
14577	0.5	0:4:0:69	2
14960	0.25	68:0:0:4	4
15451	0.3333333333333333	3:0:70:0	3
16466	0.3333333333333333	0:69:0:3	3
17528	0.5	0:69:0:4	2
18171	0.5	0:68:0:4	2
18424	0.3333333333333333	38:0:31:0	3
18501	0.5	0:65:0:5	2
18744	0.5	0:56:0:16	2
18903	0.5	18:0:55:0	2
19010	0.5	70:0:2:0	2
20259	0.5	0:55:0:17	2
20436	0.5	0:72:0:2	2
21178	0.5	0:66:0:6	2
21618	0.3333333333333333	0:71:3:0	3
21622	0.3333333333333333	0:71:0:3	3
25469	0.5	0:72:0:2	2
25563	0.3333333333333333	0:0:16:54	3
25907	0.5	0:0:33:37	2
26735	0.5	0:67:0:6	2
26767	0.25	0:4:0:70	4
27752	0.5	0:72:0:2	2
27920	0.5	0:59:0:15	2
28869	0.25	0:37:0:33	4
29402	0.25	0:0:59:10	4
29445	0.5	0:50:0:21	2
29715	0.5	0:0:69:2	2
29738	0.5	2:72:0:0	2
29742	0.3333333333333333	0:0:71:3	3
