Position	ConsistencyIndex	CountsACGT	MinimumNumberChangesOnTree
241	0.5	0:38:0:889	2
280	0.5	0:925:0:3	2
751	0.5	0:874:0:51	2
1884	0.5	0:925:0:3	2
1912	0.2	0:920:0:8	5
2035	0.5	0:0:913:15	2
2144	0.5	3:0:925:0	2
2258	0.5	7:0:921:0	2
2525	0.5	18:0:910:0	2
2706	0.5	0:922:0:5	2
3251	0.3333333333333333	0:0:798:129	3
3695	0.5	0:918:0:10	2
3743	0.5	0:922:0:4	2
4331	0.5	0:914:0:13	2
5144	0.5	0:610:0:314	2
5239	0.5	0:926:0:2	2
5512	0.5	0:925:0:2	2
6267	0.5	0:921:0:7	2
6286	0.5	0:878:0:47	2
6402	0.5	0:915:0:13	2
7675	0.5	0:0:925:3	2
7735	0.5	0:921:0:7	2
8056	0.5	55:0:873:0	2
9526	0.5	0:0:920:8	2
9967	0.5	0:923:0:5	2
10626	0.5	0:926:0:2	2
10829	0.5	920:0:7:0	2
10887	0.5	2:0:924:0	2
10969	0.5	0:925:0:2	2
11152	0.5	0:873:0:55	2
11750	0.3333333333333333	0:920:0:8	3
11758	0.5	0:926:0:2	2
11776	0.5	0:614:0:314	2
12049	0.5	0:925:0:3	2
12249	0.5	0:924:0:4	2
12325	0.3333333333333333	0:925:0:3	3
12513	0.5	0:926:0:2	2
12738	0.5	0:909:0:16	2
12756	0.5	0:870:0:55	2
12794	0.5	48:0:879:0	2
12795	0.058823529411764705	182:0:742:0	17
12854	0.5	0:924:0:3	2
12855	0.6666666666666666	1:908:0:16	3
13501	0.5	0:926:0:2	2
15451	0.5	11:0:917:0	2
15738	0.5	0:926:0:2	2
17738	0.3333333333333333	0:916:0:4	3
18424	0.5	922:0:6:0	2
19522	0.5	5:920:0:0	2
19839	0.5	0:8:0:920	2
19955	0.5	0:918:0:9	2
21137	0.5	924:0:4:0	2
21255	0.5	0:39:889:0	2
21727	0.5	0:922:0:6	2
21846	0.5	0:918:0:2	2
21859	0.5	0:916:0:12	2
22227	0.3333333333333333	0:887:0:40	3
22346	0.5	0:0:782:125	2
22920	0.1111111111111111	496:0:0:429	9
23018	0.16666666666666666	36:180:0:711	12
23064	0.09090909090909091	758:170:0:0	11
23422	0.5	0:924:0:4	2
23608	0.5	0:0:918:10	2
23683	0.5	0:926:0:2	2
24862	0.5	766:0:162:0	2
24998	0.5	0:2:926:0	2
25002	0.5	0:871:0:56	2
25075	0.5	0:922:0:4	2
25339	0.5	0:925:0:3	2
25469	0.5	0:917:0:11	2
25494	0.5	0:0:926:2	2
25513	0.5	0:923:0:5	2
25563	0.6666666666666666	71:0:647:210	3
25621	0.5	0:0:887:41	2
25626	0.5	0:910:0:17	2
25658	0.5	0:925:0:3	2
25776	0.3333333333333333	0:0:906:22	3
25904	0.5	0:926:0:2	2
25936	0.16666666666666666	0:358:0:566	6
25937	0.5	917:0:0:11	2
26013	0.5	0:779:0:149	2
26047	0.125	0:0:149:774	8
26062	0.5	0:0:922:6	2
26078	0.09090909090909091	0:818:0:90	11
26735	0.5	0:915:0:13	2
26895	0.5	0:925:0:3	2
27002	0.5	0:924:0:4	2
27390	0.6666666666666666	0:1:901:26	3
27527	0.5	0:924:0:3	2
27929	0.5	2:0:0:925	2
27977	0.5	0:3:0:924	2
28009	0.5	0:3:0:924	2
28079	0.5	0:0:923:5	2
28358	0.5	899:29:0:0	2
28854	0.3333333333333333	0:501:0:423	3
29311	0.5	0:919:0:5	2
29367	0.5	0:925:0:3	2
29402	0.3333333333333333	0:0:911:17	3
29543	0.5	0:0:918:2	2
29742	0.3333333333333333	0:0:843:21	3
29779	0.5	0:0:851:9	2
